34.0
6.0
4.8
5.89900605248
5.43160242099
9.17925477785
7.65659617772
9.0
10.3004049585
3.912
11.2344745386
6.0
4.8
10.6520254819
6.0
4.8
4.4924937785
15.0
6.0
0.0
25.8524305908
27.0
6.0
4.8
11.52
11.9128945858
1.65762216758
9.17390226593
20.0
4.5
12.0
12.2155284103
3.6
33.0
16.066533989
3.6
9.6
27.1499636851
28.0
12.1737018157
4.5
19.2
7.12995444106
34.0
8.93467093938
4.5
31.8418105988
16.5
15.0
12.0139395497
4.5
8.12533852845
7.68
12.0
14.4
3.6
19.2
22.6550533266
39.0
4.90469724233
1.64736
3.0
4.47475151312
5.3875151312
6.18790681104
17.7339758297
7.4231076477
2.0
0.0
6.55861863464
40.0
6.0
9.6
7.39900605248
11.431602421
3.27930931732
15.0
6.0
3.6
12.1523239668
11.2344745386
11.4347403631
4.47475151312
14.4920254819
12.0
5.44310568206
3.84
3.5939950228
6.0
4.8
10.8524305908
33.0
9.936
8.51155382385
14.6139534055
4.42599088821
9.53031566867
1.32609773407
12.0
12.0
3.6
9.6
13.3724227282
40.0
3.81870466876
12.0
2.88
19.8299636851
20.0
12.0
9.73896145259
22.8
4.5
26.0
20.9346709394
4.5
20.4418105988
13.5
7.0
24.0139395497
2.7
11.7253385284
4.5
7.0
24.0
4.5
22.08
10.3550533266
40.0
5.23622167585
2.5458587557
1.0
1.5
6.3475151312
1.0
20.8279292352
0.0
3.0
1.83585095557
0.0
31.0
12.0
3.1737575656
15.0790060525
5.7
12.4245912541
0.0
12.0
6.0
2.88
9.72185917344
4.49378981542
9.14779229052
3.5798012105
6.0
4.8
4.35448454565
6.6659950228
12.0
0.0
14.6924305908
24.0
6.0
16.4603538239
14.6139534055
8.32599088821
10.8032450465
8.82609773407
19.0
16.5
4.34760764456
12.48
3.6
32.0
15.8187046688
3.6
12.48
24.1775713297
12.0
24.0
3.37034236157
15.5911691621
12.0
18.0
17.9346709394
12.0
24.0418105988
3.37034236157
14.0
13.5139395497
12.0
2.16
13.8802708228
14.0
13.5
12.0
10.68
22.3550533266
26.0
12.7362216758
0.768
2.0
3.42
0.894950302624
2.0
20.8279292352
0.96
4.0
1.83585095557
2.43046479336
22.0
6.0
12.7737575656
16.0790060525
3.07406847231
4.56
9.93967300329
6.0
4.8
7.68
9.72185917344
6.0
3.59503185234
10.8980350429
12.0
5.496
3.84
10.1495826593
18.0
15.0
0.0
15.0
12.0
1.46035382385
26.6139534055
5.4
17.4640377571
1.54498809579e-18
26.0
6.0
12.0
3.47808611565
13.584
39.0
3.46653398898
12.0
2.88
34.1615713297
7.0
18.6
12.0
3.28744305133
12.0
10.0
14.9346709394
12.0
18.6418105988
12.0
7.0
24.7139395497
3.6
11.76
18.288
21.0
18.0
4.40772917724
20.28
10.9550533266
27.0
12.7362216758
1.63889690913
1.0
4.42
2.72450876073
3.0
8.82792923523
0.96
5.0
4.32076920639
2.43046479336
28.0
6.0
17.5737575656
1.57900605248
6.0
2.45925477785
3.648
12.0
10.8
4.32076920639
15.8658591734
0.0
4.8
2.87602548187
6.0
10.296
12.7362216758
13.2215826593
6.64442279814
12.0
12.0
21.0
6.0
9.6
27.7822364646
7.8
3.28348621166
12.0
18.0
18.0
3.26941051287
13.0780861156
3.6
31.0
15.466533989
3.6
12.48
22.4309818426
14.0
23.1
0.0
9.6
2.62995444106
17.0
0.0
11.9477367515
28.2418105988
12.0
14.0
12.6958414507
12.0
14.64
3.288
13.0
15.0
12.0
8.80618334179
22.9550533266
28.0
3.0
0.768
1.0
4.92
3.4435151312
4.0
9.12
3.96
6.0
0.912
3.96646479336
34.0
6.0
7.3737575656
13.5790060525
8.4
2.45925477785
6.648
18.0
4.3004049585
8.64
19.3224745386
6.0
4.92
6.71602548187
12.0
5.61561722313
8.2368
23.41056
0.0
5.31553823851
21.6
12.0
6.0
14.4
14.7822364646
6.0
9.52348621166
0.0
10.0
15.0
12.0
2.6155284103
14.0624688925
38.0
4.06653398898
12.0
2.88
17.4149818426
21.0
8.1
12.0
9.6
2.62995444106
24.0
4.5
0.0
22.8
12.0
21.0
0.0
10.1566731606
9.6
15.0
20.0
4.5
12.0
9.6
15.0
29.0
3.0
3.31524433517
2.0
3.0
4.4035151312
1.0
11.12
6.36
1.0
3.912
4.83061863464
