0.0
6.0
4.8
1.5
6.0
3.27930931732
7.34340382228
0.0
3.6
8.2403239668
0.0
5.43474036315
4.47475151312
3.84
0.0
5.44310568206
3.84
3.5939950228
6.0
4.8
0.0
0.0
3.936
3.71155382385
3.09395340552
4.42599088821
9.53031566867
1.32609773407
0.0
12.0
3.6
9.6
9.77242272824
0.0
2.75217067978
12.0
2.88
7.68
0.0
12.0
9.73896145259
3.6
4.5
0.0
12.0
4.5
3.6
12.0
0.0
12.0
2.7
3.6
4.5
0.0
9.6
4.5
2.88
2.7
0.0
0.331524433517
0.898498755701
0.0
1.5
0.96
0.0
3.09395340552
0.0
0.0
1.83585095557
0.0
0.0
6.0
3.1737575656
7.68
5.7
9.14528193679
0.0
0.0
6.0
2.88
9.72185917344
4.49378981542
9.14779229052
3.5798012105
0.0
4.8
4.35448454565
3.072
6.0
0.0
3.84
0.0
6.0
7.9488
0.0
3.9
1.27292937785
7.5
0.0
4.5
4.34760764456
2.88
3.6
0.0
12.0
3.6
9.6
4.34760764456
0.0
12.0
3.37034236157
7.79116916208
12.0
0.0
12.0
12.0
3.6
3.37034236157
0.0
4.5
12.0
2.16
9.38027082276
0.0
4.5
12.0
3.6
12.0
0.0
7.5
0.768
0.0
1.92
0.894950302624
0.0
0.0
0.96
0.0
0.0
2.43046479336
0.0
6.0
9.6
1.0
3.07406847231
4.56
9.93967300329
0.0
4.8
4.8
0.0
6.0
3.59503185234
7.31823383242
0.0
5.496
3.84
3.48358763652
6.0
15.0
0.0
0.0
6.0
0.0
12.0
5.4
6.66079271057
0.0
0.0
4.5
12.0
3.47808611565
9.984
0.0
2.64782932022
12.0
2.88
9.984
0.0
9.6
12.0
2.69627388925
12.0
0.0
12.0
12.0
9.6
12.0
0.0
11.2
3.6
9.6
4.40772917724
0.0
4.5
4.40772917724
9.6
3.6
0.0
0.0
0.87089690913
0.0
1.0
1.8295584581
0.0
3.0
0.0
0.0
2.48491825082
0.0
0.0
6.0
4.8
0.5
6.0
2.45925477785
3.648
0.0
6.0
4.32076920639
6.144
0.0
4.8
2.87602548187
0.0
4.8
12.7362216758
3.072
3.64442279814
12.0
12.0
0.0
6.0
9.6
1.16828305908
2.4
0.819448454565
12.0
0.0
12.0
3.26941051287
9.6
3.6
0.0
12.0
3.6
9.6
3.26941051287
0.0
4.5
0.0
9.6
2.62995444106
0.0
0.0
11.9477367515
9.6
0.0
0.0
2.98190190099
12.0
2.88
0.0
0.0
12.0
12.0
3.52618334179
12.0
0.0
3.0
0.768
0.0
0.5
0.719006370467
0.0
0.29207076477
3.0
0.0
0.912
1.536
0.0
6.0
4.8
12.0
2.4
0.0
3.0
0.0
4.3004049585
8.64
3.45661536511
6.0
4.92
3.84
0.0
5.61561722313
8.2368
10.1889773407
0.0
5.31553823851
9.6
0.0
6.0
4.8
2.0
6.0
6.24
0.0
0.0
12.0
12.0
2.6155284103
10.4624688925
0.0
3.6
12.0
2.88
9.984
0.0
0.0
12.0
0.0
0.0
0.0
4.5
0.0
9.5581894012
12.0
0.0
0.0
10.1566731606
9.6
11.712
0.0
4.5
12.0
9.6
7.04494667344
0.0
0.0
2.54724433517
0.0
3.0
0.96
0.0
2.0
2.4
0.0
3.0
0.864153841279
0.0
6.0
4.8
5.89900605248
5.43160242099
6.72
0.0
0.0
6.0
3.912
6.912
6.0
4.8
3.936
0.0
4.8
4.4924937785
6.58944
6.0
0.0
4.25243059081
0.0
6.0
4.8
11.52
5.91289458584
1.65762216758
7.61878896933
0.0
4.5
12.0
9.6
3.6
0.0
12.0
3.6
9.6
2.304
0.0
4.07370181574
4.5
9.6
4.5
0.0
4.43467093938
4.5
0.0
4.5
0.0
12.0
4.5
8.12533852845
7.68
0.0
12.0
3.6
9.6
4.5
0.0
1.90469724233
1.64736
0.0
1.47475151312
0.984
0.0
2.88
1.0631076477
0.0
0.0
1.728
