X=[34.0 6.0 4.8 5.89900605248 5.43160242099 9.17925477785 7.65659617772 9.0 10.3004049585 3.912 11.2344745386 6.0 4.8 10.6520254819 6.0 4.8 4.4924937785 15.0 6.0 0.0 25.8524305908 27.0 6.0 4.8 11.52 11.9128945858 1.65762216758 9.17390226593 20.0 4.5 12.0 12.2155284103 3.6 33.0 16.066533989 3.6 9.6 27.1499636851 28.0 12.1737018157 4.5 19.2 7.12995444106 34.0 8.93467093938 4.5 31.8418105988 16.5 15.0 12.0139395497 4.5 8.12533852845 7.68 12.0 14.4 3.6 19.2 22.6550533266 39.0 4.90469724233 1.64736 3.0 4.47475151312 5.3875151312 6.18790681104 17.7339758297 7.4231076477 2.0 0.0 6.55861863464 
40.0 6.0 9.6 7.39900605248 11.431602421 3.27930931732 15.0 6.0 3.6 12.1523239668 11.2344745386 11.4347403631 4.47475151312 14.4920254819 12.0 5.44310568206 3.84 3.5939950228 6.0 4.8 10.8524305908 33.0 9.936 8.51155382385 14.6139534055 4.42599088821 9.53031566867 1.32609773407 12.0 12.0 3.6 9.6 13.3724227282 40.0 3.81870466876 12.0 2.88 19.8299636851 20.0 12.0 9.73896145259 22.8 4.5 26.0 20.9346709394 4.5 20.4418105988 13.5 7.0 24.0139395497 2.7 11.7253385284 4.5 7.0 24.0 4.5 22.08 10.3550533266 40 5.23622167585 2.5458587557 1.0 1.5 6.3475151312 1.0 20.8279292352 0.0 3.0 1.83585095557 0.0 
31.0 12.0 3.1737575656 15.0790060525 5.7 12.4245912541 0.0 12.0 6.0 2.88 9.72185917344 4.49378981542 9.14779229052 3.5798012105 6.0 4.8 4.35448454565 6.6659950228 12.0 0.0 14.6924305908 24.0 6.0 16.4603538239 14.6139534055 8.32599088821 10.8032450465 8.82609773407 19.0 16.5 4.34760764456 12.48 3.6 32.0 15.8187046688 3.6 12.48 24.1775713297 12.0 24.0 3.37034236157 15.5911691621 12.0 18.0 17.9346709394 12.0 24.0418105988 3.37034236157 14.0 13.5139395497 12.0 2.16 13.8802708228 14.0 13.5 12.0 10.68 22.3550533266 26.0 12.7362216758 0.768 2.0 3.42 0.894950302624 2.0 20.8279292352 0.96 4.0 1.83585095557 2.43046479336 
22.0 6.0 12.7737575656 16.0790060525 3.07406847231 4.56 9.93967300329 6.0 4.8 7.68 9.72185917344 6.0 3.59503185234 10.8980350429 12.0 5.496 3.84 10.1495826593 18.0 15.0 0.0 15.0 12.0 1.46035382385 26.6139534055 5.4 17.4640377571 0.0 26.0 6.0 12.0 3.47808611565 13.584 39.0 3.46653398898 12.0 2.88 34.1615713297 7.0 18.6 12.0 3.28744305133 12.0 10.0 14.9346709394 12.0 18.6418105988 12.0 7.0 24.7139395497 3.6 11.76 18.288 21.0 18.0 4.40772917724 20.28 10.9550533266 27.0 12.7362216758 1.63889690913 1.0 4.42 2.72450876073 3.0 8.82792923523 0.96 5.0 4.32076920639 2.43046479336 
28.0 6.0 17.5737575656 1.57900605248 6.0 2.45925477785 3.648 12.0 10.8 4.32076920639 15.8658591734 0.0 4.8 2.87602548187 6.0 10.296 12.7362216758 13.2215826593 6.64442279814 12.0 12.0 21.0 6.0 9.6 27.7822364646 7.8 3.28348621166 12.0 18.0 18.0 3.26941051287 13.0780861156 3.6 31.0 15.466533989 3.6 12.48 22.4309818426 14.0 23.1 0.0 9.6 2.62995444106 17.0 0.0 11.9477367515 28.2418105988 12.0 14.0 12.6958414507 12.0 14.64 3.288 13.0 15.0 12.0 8.80618334179 22.9550533266 28.0 3.0 0.768 1.0 4.92 3.4435151312 4.0 9.12 3.96 6.0 0.912 3.96646479336 
34.0 6.0 7.3737575656 13.5790060525 8.4 2.45925477785 6.648 18.0 4.3004049585 8.64 19.3224745386 6.0 4.92 6.71602548187 12.0 5.61561722313 8.2368 23.41056 0.0 5.31553823851 21.6 12.0 6.0 14.4 14.7822364646 6.0 9.52348621166 0.0 10.0 15.0 12.0 2.6155284103 14.0624688925 38.0 4.06653398898 12.0 2.88 17.4149818426 21.0 8.1 12.0 9.6 2.62995444106 24.0 4.5 0.0 22.8 12.0 21.0 0.0 10.1566731606 9.6 15.0 20.0 4.5 12.0 9.6 15.0 29.0 3.0 3.31524433517 2.0 3.0 4.4035151312 1.0 11.12 6.36 1.0 3.912 4.83061863464 
25.0 6.0 4.8 5.89900605248 5.43160242099 9.17925477785 6.648 9.0 10.3004049585 3.912 11.2344745386 6.0 4.8 10.6520254819 6.0 4.8 4.4924937785 15.0 6.0 0.0 25.8524305908 18.0 6.0 4.8 11.52 11.9128945858 1.65762216758 7.61878896933 17.0 4.5 12.0 12.2155284103 3.6 30.0 16.066533989 3.6 9.6 19.7189818426 28.0 12.1737018157 4.5 19.2 7.12995444106 31.0 8.93467093938 4.5 22.8 16.5 13.0 12.0 4.5 8.12533852845 7.68 12.0 12.0 3.6 19.2 4.5 30.0 4.90469724233 1.64736 3.0 4.47475151312 5.3875151312 2.0 14.0 7.4231076477 2.0 0.0 6.55861863464 
31.0 6.0 9.6 7.39900605248 11.431602421 3.27930931732 13.9914038223 6.0 3.6 12.1523239668 11.2344745386 11.4347403631 4.47475151312 14.4920254819 12.0 5.44310568206 3.84 3.5939950228 6.0 4.8 10.8524305908 24.0 9.936 8.51155382385 12.52 4.42599088821 9.53031566867 1.32609773407 9.0 12.0 3.6 9.6 13.3724227282 37.0 3.35217067978 12.0 2.88 12.3989818426 20.0 12.0 9.73896145259 22.8 4.5 23.0 20.9346709394 4.5 11.4 13.5 7.0 22.4 2.7 11.7253385284 4.5 7.0 21.6 4.5 22.08 2.7 31.0 5.23622167585 2.5458587557 1.0 1.5 6.3475151312 1.0 15.0 0.0 3.0 1.83585095557 0.0 
22.0 12.0 3.1737575656 15.0790060525 5.7 12.4245912541 0.0 12.0 6.0 2.88 9.72185917344 4.49378981542 9.14779229052 3.5798012105 6.0 4.8 4.35448454565 6.6659950228 12.0 0.0 14.6924305908 15.0 6.0 16.4603538239 12.52 8.32599088821 10.8032450465 8.82609773407 16.0 16.5 4.34760764456 12.48 3.6 29.0 15.3521706798 3.6 12.48 16.7465894871 12.0 24.0 3.37034236157 15.5911691621 12.0 15.0 17.9346709394 12.0 15.0 3.37034236157 14.0 11.5974211467 12.0 2.16 13.8802708228 14.0 11.1 12.0 10.68 14.7 17.0 12.7362216758 0.768 2.0 3.42 0.894950302624 2.0 15.0 0.96 4.0 1.83585095557 2.43046479336 
13.0 6.0 12.7737575656 16.0790060525 3.07406847231 4.56 9.93967300329 6.0 4.8 7.68 9.72185917344 6.0 3.59503185234 10.8980350429 12.0 5.496 3.84 10.1495826593 18.0 15.0 0.0 6.0 12.0 1.46035382385 24.52 5.4 17.4640377571 0.0 23.0 6.0 12.0 3.47808611565 13.584 36.0 3.0 12.0 2.88 26.7305894871 7.0 18.6 12.0 3.28744305133 12.0 7.0 14.9346709394 12.0 9.6 12.0 7.0 22.7974211467 3.6 11.76 18.288 21.0 15.6 4.40772917724 20.28 3.6 18.0 12.7362216758 1.63889690913 1.0 4.42 2.72450876073 3.0 3.0 0.96 5.0 4.32076920639 2.43046479336 
19.0 6.0 17.5737575656 1.57900605248 6.0 2.45925477785 3.648 12.0 10.8 4.32076920639 15.8658591734 0.0 4.8 2.87602548187 6.0 10.296 12.7362216758 13.2215826593 6.64442279814 12.0 12.0 12.0 6.0 9.6 25.6882830591 7.8 3.28348621166 12.0 15.0 18.0 3.26941051287 13.0780861156 3.6 28.0 15.0 3.6 12.48 15.0 14.0 23.1 0.0 9.6 2.62995444106 14.0 0.0 11.9477367515 19.2 12.0 14.0 10.7793230477 12.0 14.64 3.288 13.0 12.6 12.0 8.80618334179 15.6 19.0 3.0 0.768 1.0 4.92 3.4435151312 4.0 3.29207076477 3.96 6.0 0.912 3.96646479336 
25.0 6.0 7.3737575656 13.5790060525 8.4 2.45925477785 6.648 18.0 3.91710127789 8.64 19.3224745386 6.0 4.92 6.71602548187 12.0 5.61561722313 8.2368 23.41056 0.0 5.31553823851 21.6 6.0 4.8 14.4 12.6882830591 6.0 9.52348621166 0.0 7.0 15.0 12.0 2.6155284103 14.0624688925 35.0 3.6 12.0 2.88 9.984 21.0 8.1 12.0 9.6 2.62995444106 21.0 4.5 0.0 13.7581894012 12.0 21.0 0.0 8.62345843814 9.6 15.0 20.0 3.6 10.08 9.6 7.64494667344 20.0 3.0 3.31524433517 2.0 3.0 4.4035151312 1.0 5.29207076477 6.36 1.0 3.912 4.83061863464 
16.0 6.0 4.8 5.89900605248 5.43160242099 9.17925477785 6.648 9.0 9.91710127789 3.912 11.2344745386 6.0 4.8 10.6520254819 6.0 4.8 4.4924937785 15.0 6.0 0.0 25.8524305908 12.0 6.0 3.84 11.52 11.0753132236 1.65762216758 7.61878896933 14.0 4.5 12.0 12.2155284103 3.6 27.0 15.6 3.6 9.6 12.288 28.0 12.1737018157 4.5 19.2 7.12995444106 28.0 8.30648491772 4.5 13.7581894012 16.5 13.0 12.0 4.5 6.89876675051 7.68 12.0 12.0 2.88 17.664 4.5 21.0 4.90469724233 1.64736 3.0 4.47475151312 5.3875151312 2.0 8.17207076477 7.4231076477 2.0 0.0 6.55861863464 
22.0 5.2576 9.6 7.39900605248 11.431602421 3.27930931732 13.9914038223 6.0 3.6 11.8456810223 11.2344745386 11.1863782434 4.47475151312 14.4920254819 12.0 5.44310568206 3.84 3.5939950228 6.0 4.8 10.8524305908 18.0 9.936 7.55155382385 12.52 4.42599088821 8.86025057891 1.32609773407 7.0 11.2 3.6 9.6 13.3724227282 34.0 2.8856366908 12.0 2.88 7.68 20.0 12.0 9.73896145259 22.8 4.5 20.0 20.3064849177 4.5 3.6 12.506551521 7.0 22.4 2.7 10.4987667505 4.5 7.0 21.6 4.5 19.968 2.7 22.0 5.23622167585 2.5458587557 1.0 1.5 6.3475151312 1.0 9.17207076477 0.0 3.0 1.83585095557 0.0 
13.0 11.2576 3.1737575656 15.0790060525 5.50131030419 12.4245912541 0.0 12.0 6.0 2.88 9.47654481785 4.49378981542 8.94910259471 3.5798012105 6.0 4.8 4.35448454565 6.6659950228 12.0 0.0 14.6924305908 9.0 6.0 15.5003538239 12.52 8.32599088821 10.1331799568 8.82609773407 14.0 15.7 4.34760764456 12.48 3.6 26.0 14.8856366908 3.6 12.48 12.0276076446 12.0 24.0 3.37034236157 15.5911691621 12.0 12.0 17.3064849177 12.0 7.2 3.37034236157 14.0 11.5974211467 12.0 2.16 12.8990134004 14.0 11.1 12.0 8.568 14.7 8.0 12.7362216758 0.768 2.0 3.42 0.894950302624 2.0 9.17207076477 0.96 4.0 1.83585095557 2.36913620446 
6.0 5.2 12.1798375656 16.0790060525 3.07406847231 4.40104824335 9.93967300329 6.0 4.8 7.68 9.47654481785 4.44 3.59503185234 10.7390832863 12.0 5.47312733816 3.84 10.1495826593 18.0 9.17207076477 0.0 6.0 9.6 0.500353823851 24.52 4.8 16.7939726673 0.0 21.0 4.6 12.0 3.47808611565 13.584 33.0 2.64782932022 11.9085093526 2.88 22.0116076446 7.0 18.6 12.0 3.28744305133 12.0 7.0 11.9064849177 12.0 9.6 5.76 7.0 22.7974211467 3.6 11.76 17.3067425777 21.0 13.8 4.40772917724 18.168 3.6 9.0 12.7362216758 1.63889690913 1.0 4.42 2.68477082157 3.0 3.0 0.96 5.0 4.32076920639 2.36913620446 
12.0 6.0 16.3398375656 1.57900605248 6.0 2.45925477785 3.52083859468 12.0 10.8 4.32076920639 15.6205448179 0.0 3.552 2.87602548187 6.0 10.2731273382 12.7362216758 13.2215826593 6.03878559381 12.0 7.33765661182 12.0 6.0 7.68 24.9202830591 7.2 2.61342112189 12.0 13.0 16.6 3.22172498588 13.0780861156 3.6 25.0 14.6478293202 3.6 12.4068074821 10.2333326304 14.0 23.1 0.0 9.6 2.62995444106 14.0 0.0 9.52518793418 19.2 5.76 14.0 10.7793230477 12.0 14.64 2.30674257765 13.0 12.0 11.04 6.69418334179 15.6 10.0 3.0 0.768 1.0 4.92 3.40377719203 4.0 3.10007076477 2.79441415295 6.0 0.880209648671 3.90513620446 
18.0 4.64666652609 6.1398375656 13.5790060525 7.152 2.45925477785 6.52083859468 18.0 3.49470127789 8.64 19.077160183 6.0 4.92 5.71762548187 12.0 5.54518308717 8.21850187053 23.41056 0.0 4.83102847505 16.9376566118 6.0 4.8 12.48 11.9202830591 6.0 8.37342112189 0.0 7.0 12.0 12.0 2.5773799887 14.0624688925 32.0 3.6 11.7182634562 2.88 9.92544598569 21.0 8.1 12.0 9.6 2.62995444106 21.0 4.5 0.0 11.8201503473 12.0 21.0 0.0 8.62345843814 9.6 14.0187425777 20.0 3.6 9.6 8.832 5.95534667344 11.0 3.0 3.31524433517 2.0 3.0 4.11417719203 1.0 5.10007076477 5.19441415295 1.0 3.88020964867 4.76929004574 
9.0 6.0 3.71733322087 4.91187005248 5.43160242099 8.18085477785 6.52083859468 9.0 9.49470127789 3.88020964867 10.989160183 6.0 4.8 9.65362548187 6.0 4.8 4.43614646974 14.9853614964 6.0 0.0 20.8024793919 12.0 5.80374851553 3.84 9.984 10.7681132236 1.65762216758 6.69873689751 14.0 4.5 9.6 12.1773799887 3.6 24.0 15.6 3.6 9.37461076494 12.2294459857 28.0 12.1737018157 4.5 19.2 7.12995444106 28.0 8.07608491772 4.5 11.8201503473 16.5 13.0 12.0 4.5 6.89876675051 7.68 12.0 12.0 2.88 16.512 4.5 12.0 4.67468422438 1.64370037411 3.0 4.22796751312 5.09817719203 2.0 7.59607076477 6.16061984796 2.0 0.0 6.49729004574 
15.0 5.24588919714 8.51733322087 6.41187005248 11.431602421 3.24864502287 13.065522417 6.0 3.6 11.475970671 10.989160183 10.7987704326 4.22796751312 13.4936254819 12.0 5.43547599774 3.84 3.54891717579 5.99414459857 4.8 5.80247939185 18.0 9.73974851553 6.92030992398 10.984 4.42599088821 8.61449057891 1.32609773407 7.0 11.2 3.6 7.68 13.341903991 31.0 2.60962106925 12.0 2.88 7.49968861195 20.0 12.0 9.73896145259 22.8 4.49560844893 20.0 20.0760849177 4.49560844893 3.6 10.9561202779 7.0 22.4 2.7 10.4987667505 4.5 7.0 21.6 4.5 18.816 2.7 13.0 5.0062086579 2.53092966805 1.0 1.5 6.05817719203 1.0 8.59607076477 0.0 3.0 1.63617095557 0.0 
6.0 11.2458891971 3.02908859602 13.2257366292 5.19122405557 12.3939269597 0.0 12.0 6.0 2.88 9.18077653679 4.39566407319 8.63901634609 3.3823740105 6.0 4.8 4.34838079819 6.62091717579 11.9941445986 0.0 9.64247939185 9.0 6.0 14.7121087364 10.984 8.325112578 9.87995541293 7.82609773407 14.0 15.7 4.04808764456 10.56 3.6 23.0 14.6096210693 3.6 12.48 11.5477762565 12.0 24.0 3.29674805489 15.5911691621 12.0 12.0 17.0760849177 12.0 7.19648675914 3.29674805489 14.0 11.3196567251 12.0 2.16 12.8990134004 14.0 11.1 12.0 7.416 14.7 1.0 11.5062086579 0.768 2.0 3.20346664417 0.845593502624 2.0 8.59607076477 0.96 4.0 1.63617095557 2.2951941342 
6.0 2.4 12.0257999537 14.2257366292 3.05934961098 4.15297924446 9.91514156773 6.0 4.8 7.68 9.18077653679 4.43929735183 3.51653125855 10.2935870874 12.0 5.03392421385 3.84 10.0996218143 17.9941445986 8.59607076477 0.0 6.0 9.6 0.0 22.7536869891 4.8 16.5400454753 0.0 21.0 2.5 12.0 3.23847011565 12.048 30.0 2.34782932022 11.6876968554 2.88 21.5317762565 7.0 18.6 12.0 3.22856760599 12.0 7.0 11.6760849177 12.0 9.6 5.75718940731 7.0 22.5196567251 3.6 11.76 15.791757218 21.0 13.8 2.89274381756 17.016 3.6 2.0 11.5062086579 1.63767615964 1.0 4.20346664417 2.57339677184 3.0 2.94242174728 0.96 5.0 4.1149563475 2.2951941342 
12.0 6.0 13.9457999537 0.5 5.69029465167 2.44747968878 3.32238339557 12.0 10.8 4.1149563475 15.3247765368 0.0 3.55143788146 2.81322500684 6.0 9.83392421385 11.5062086579 13.1716218143 5.97507510331 12.0 6.87685661182 12.0 6.0 7.68 22.7536869891 7.2 2.35888355515 12.0 13.0 14.5 3.08807612621 12.8384701156 3.6 22.0 14.3478293202 3.6 12.2301574843 9.61985238272 14.0 22.8677209888 0.0 9.6 2.58285408479 14.0 0.0 9.34086793418 19.2 5.75718940731 14.0 10.4941991954 12.0 14.64 0.791757217964 13.0 12.0 11.04 4.33019505405 15.6 3.0 3.0 0.768 1.0 4.70346664417 3.27670302355 4.0 2.94242174728 2.67921415295 6.0 0.830595848892 3.8311941342 
18.0 4.52397047654 4.8 11.656639963 6.84173253313 2.44747968878 6.32238339557 18.0 2.96487884989 8.64 18.6167416148 6.0 4.70346664417 5.65437531201 12.0 5.43725988717 7.86713937108 22.3765887407 0.0 4.78006008265 16.4768566118 6.0 4.8 12.48 9.75368698912 6.0 8.11888355515 0.0 7.0 10.4 11.6 2.47046090097 13.8707760925 29.0 3.6 11.4782634562 2.88 9.78412598746 21.0 7.86772098875 12.0 9.6 2.58285408479 21.0 4.5 0.0 11.6726943473 12.0 21.0 0.0 8.39535935633 9.6 12.503757218 20.0 3.6 9.6 8.832 4.06415604324 4.0 3.0 3.06924173158 2.0 2.78915999075 3.98699059985 1.0 4.94242174728 5.07921415295 1.0 3.83059584889 4.6541854037 
9.0 6.0 3.61917638124 3.84 4.66265598519 7.92086571529 6.32238339557 9.0 8.96487884989 3.83059584889 10.5287416148 6.0 4.8 9.41714862735 6.0 4.8 4.34980790974 13.6703002375 6.0 0.0 20.3009046779 12.0 5.50075144359 3.84 9.984 9.90147479565 1.53462086579 6.49510684412 14.0 4.5 8.32 11.750460901 3.6 21.0 15.6 3.6 9.18261076494 12.0881259875 28.0 11.3647129776 4.5 19.2 7.08285408479 28.0 7.42610609674 4.5 11.6726943473 16.5 13.0 12.0 4.5 6.71628748506 7.68 12.0 12.0 2.88 16.512 4.5 5.0 4.62377671103 1.57342787422 3.0 3.74915999075 4.92768392868 2.0 7.43842174728 6.03522616948 2.0 0.0 6.3821854037 
15.0 5.21762519749 8.41917638124 5.34 10.6626559852 3.19109270185 12.6590759678 6.0 3.6 11.0024989288 10.5287416148 10.607481465 3.74915999075 13.2571486273 12.0 5.35009218019 3.84 3.47984632779 5.46812009501 4.8 5.30090467794 18.0 9.43675144359 6.85761308474 10.984 4.41657081696 7.92117983652 1.22769669263 7.0 11.2 3.6 6.656 13.0003687208 28.0 2.54853205324 12.0 2.88 7.34608861195 20.0 12.0 9.09177038212 22.8 4.10109007126 20.0 19.4261060967 4.10109007126 3.6 10.8381554779 7.0 22.4 2.7 10.3162874851 4.5 7.0 21.6 4.5 18.816 2.7 6.0 4.93070088419 2.44338945616 1.0 1.5 5.88768392868 1.0 8.43842174728 0.0 3.0 1.58417314306 0.0 
6.0 11.2176251975 2.94384196434 12.075341105 5.16763109557 11.72121749 0.0 12.0 6.0 2.88 8.80199914304 4.21149664592 8.485985172 2.9993279926 6.0 4.8 4.28007374416 6.55184632779 11.468120095 0.0 9.14090467794 9.0 6.0 14.4070142396 10.984 8.23678883121 9.1428745646 4.22769669263 14.0 15.7 3.9771445882 9.536 3.6 20.0 14.5485320532 3.6 12.48 11.3232332002 12.0 24.0 3.15862248444 15.0734163057 12.0 12.0 16.4261060967 12.0 6.88087205701 3.15862248444 14.0 11.1977227903 12.0 2.16 12.753029988 14.0 11.1 12.0 7.416 14.7 1.0 7.93070088419 0.768 2.0 3.18383527625 0.749831998149 2.0 8.43842174728 0.96 4.0 1.58417314306 2.20049978576 
6.0 2.4 11.9179421223 13.075341105 3.03172449689 4.13410487646 9.376973992 6.0 4.8 7.68 8.80199914304 4.3761744114 3.36919731673 9.7881161302 12.0 4.81690641065 3.84 9.97590532312 17.468120095 8.43842174728 0.0 6.0 9.6 0.0 22.5096113917 4.8 15.7323056296 0.0 21.0 2.5 12.0 3.18171567056 11.2288 27.0 1.26830900779 11.6388256426 2.88 21.3072332002 7.0 18.6 12.0 2.60031429324 12.0 7.0 11.0261060967 12.0 9.6 5.5046976456 7.0 22.3977227903 3.6 11.76 15.4953013914 21.0 13.8 2.74227140338 17.016 3.6 2.0 7.93070088419 1.62401474883 1.0 4.18383527625 2.44702903255 3.0 2.88140284792 0.96 5.0 3.92841664106 2.20049978576 
12.0 6.0 13.8379421223 0.5 5.230136442 2.42537959751 3.30728390117 12.0 10.8 3.92841664106 14.945999143 0.0 3.50093952912 2.69535785339 6.0 9.61690641065 7.93070088419 13.0479053231 5.19340417301 12.0 6.75073739782 12.0 6.0 7.68 22.5096113917 7.2 1.54431300399 12.0 13.0 14.5 2.93643483906 12.7817156706 3.6 19.0 13.2683090078 3.6 12.1910605141 9.24366803922 14.0 22.5226023315 0.0 9.6 2.08025143459 14.0 0.0 8.82088487739 19.2 5.5046976456 14.0 10.2108149879 12.0 14.64 0.49530139143 13.0 12.0 11.04 4.2098171227 15.6 3.0 3.0 0.768 1.0 4.68383527625 3.1208684959 4.0 2.88140284792 2.64768434946 6.0 0.826820975292 3.73649978576 
18.0 4.44873360784 4.8 11.5703536979 6.33107597112 2.42537959751 6.30728390117 18.0 2.88412642213 8.64 18.0887324559 6.0 4.68383527625 5.49610947668 12.0 5.21000493567 7.69352512852 19.3924660305 0.0 4.15472333841 16.3507373978 6.0 4.8 12.48 9.50961139169 6.0 7.30431300399 0.0 7.0 10.4 11.6 2.34914787125 13.8253725365 26.0 3.6 10.6146472062 2.88 9.75284841126 21.0 7.5226023315 12.0 9.6 2.08025143459 21.0 4.5 0.0 11.2567079019 12.0 21.0 0.0 8.16865199035 9.6 12.2073013914 20.0 3.6 9.6 8.832 3.96785369816 4.0 3.0 2.35414017684 2.0 2.76758842447 3.82105640172 1.0 4.88140284792 5.04768434946 1.0 3.82682097529 4.52218311397 
9.0 6.0 3.55898688627 3.84 4.62814147915 7.4902403744 6.30728390117 9.0 8.88412642213 3.82682097529 10.0007324559 6.0 4.8 9.24317769768 6.0 4.8 4.16800394854 10.5472861333 6.0 0.0 19.6745160685 12.0 5.44146027829 3.84 9.984 9.80384455668 1.17707008842 5.84345040319 14.0 4.5 8.32 11.6291478712 3.6 18.0 15.6 3.6 8.49171776499 12.0568484113 28.0 10.9937084409 4.5 19.2 6.58025143459 28.0 7.35288341751 4.5 11.2567079019 16.5 13.0 12.0 4.5 6.53492159228 7.68 12.0 12.0 2.88 16.512 4.5 5.0 4.4608626008 1.5387050257 3.0 3.72758842447 4.75782345697 2.0 7.37740284792 5.87862901714 2.0 0.0 6.25018311397 
15.0 5.21136968225 8.35898688627 5.34 10.6281414791 3.12509155699 12.2994762007 6.0 3.6 10.934122113 10.0007324559 10.4500832686 3.72758842447 13.0831776977 12.0 5.32582957425 3.84 3.33440315883 4.21891445331 4.8 4.67451606855 18.0 9.37746027829 6.77931450857 10.984 4.31605028692 7.84307564534 0.941656070735 7.0 11.2 3.6 6.656 12.903318297 25.0 2.35303512096 12.0 2.88 6.79337421199 20.0 12.0 8.79496675269 22.8 3.16418583998 20.0 19.3528834175 3.16418583998 3.6 10.5053663215 7.0 22.4 2.7 10.1349215923 4.5 7.0 21.6 4.5 18.816 2.7 6.0 4.69627661848 2.37230581541 1.0 1.5 5.71782345697 1.0 8.37740284792 0.0 3.0 1.49804807488 0.0 
6.0 11.2113696823 2.85891172848 12.027189509 5.10107326431 11.6276047403 0.0 12.0 6.0 2.88 8.7472976904 4.00029298236 8.36006661484 2.98207073957 6.0 4.8 4.2606636594 6.40640315883 10.2189144533 0.0 8.51451606855 9.0 6.0 14.2812827312 10.984 7.94888745492 9.02922855305 3.94165607074 14.0 15.7 3.9249533093 9.536 3.6 17.0 14.353035121 3.6 12.48 10.7183275213 12.0 24.0 3.00021973677 14.8359734021 12.0 12.0 16.3528834175 12.0 6.13134867199 3.00021973677 14.0 11.0898428602 12.0 2.16 12.6079372738 14.0 11.1 12.0 7.416 14.7 1.0 7.69627661848 0.768 2.0 3.17179737725 0.745517684893 2.0 8.37740284792 0.96 4.0 1.49804807488 2.1868244226 
6.0 2.4 11.8280074743 13.027189509 3.00004394735 4.08085861144 9.30208379224 6.0 4.8 7.68 8.7472976904 4.2262697344 3.20023438588 9.67012403145 12.0 4.77780702419 3.84 9.81493408635 16.1861091337 8.37740284792 0.0 6.0 9.6 0.0 22.409026185 4.8 15.388338517 0.0 21.0 2.5 12.0 3.13996264744 11.2288 24.0 1.18249682122 11.4824280968 2.88 20.7023275213 7.0 18.6 12.0 2.40017578941 11.8687787217 7.0 10.9528834175 12.0 9.6 4.90507893759 7.0 22.2898428602 3.6 11.76 15.1622920944 21.0 13.8 2.55435482056 17.016 3.6 2.0 7.69627661848 1.62013273188 1.0 4.17179737725 2.41753100786 3.0 2.85625654624 0.96 5.0 3.82356902294 2.1868244226 
12.0 6.0 13.7480074743 0.5 5.21087580361 2.40003515788 3.26468688916 12.0 10.8 3.82356902294 14.8912976904 0.0 3.38101578752 2.56018750871 6.0 9.57780702419 7.69627661848 12.8869340863 3.85672097513 12.0 6.70192227834 12.0 6.0 7.68 22.409026185 7.17375574434 1.19840488292 12.0 13.0 14.5 2.90103720943 12.7399626474 3.6 16.0 13.1824968212 3.6 12.0659424774 8.60336473073 14.0 22.5081568527 0.0 9.6 1.92014063153 14.0 0.0 8.76230673401 19.2 4.90507893759 14.0 10.0804679979 12.0 14.64 0.16229209439 13.0 12.0 11.04 4.05948385645 15.6 3.0 3.0 0.768 1.0 4.67179737725 3.05757788504 4.0 2.85625654624 2.63548056958 6.0 0.816171722289 3.7228244226 
18.0 4.32067294615 4.8 11.4984059794 6.19189159113 2.40003515788 6.26468688916 18.0 2.82799037087 8.64 17.9501529087 6.0 4.67179737725 5.26500013872 12.0 5.18449189373 7.66224561935 19.0439553811 0.0 3.0853767801 16.3019222783 6.0 4.8 12.48 9.40902618496 6.0 6.93740947839 0.0 7.0 10.4 11.6 2.32082976755 13.791970118 23.0 3.6 10.545997457 2.88 9.65275398193 21.0 7.50815685271 12.0 9.6 1.92014063153 21.0 4.5 0.0 11.2098453872 12.0 21.0 0.0 8.0643743983 9.6 11.8742920944 20.0 3.6 9.6 8.832 3.84758708516 4.0 3.0 2.3072553237 2.0 2.74960149486 3.73378104254 1.0 4.85625654624 5.03548056958 1.0 3.81617172229 4.48753822719 
9.0 6.0 3.45653835692 3.84 4.59936239177 7.35354843078 6.26468688916 9.0 8.82799037087 3.81617172229 9.86215290875 6.0 4.8 9.00243804053 6.0 4.8 4.14759351499 10.1737518766 6.0 0.0 18.7702237024 12.0 5.37485841888 3.84 9.984 9.76361047398 1.15362766185 5.54992758272 14.0 4.5 8.32 11.6008297675 3.6 15.0 15.6 3.6 8.43679796558 11.9567539819 28.0 10.9576786465 4.5 19.2 6.42014063153 28.0 7.32270785549 4.5 11.2098453872 16.5 13.0 12.0 4.5 6.45149951864 7.68 12.0 12.0 2.88 16.512 4.5 5.0 4.38748189568 1.53244912387 3.0 3.70960149486 4.66814051799 2.0 7.35225654624 5.6525559256 2.0 0.0 6.21553822719 
15.0 5.19135079639 8.25653835692 5.34 10.5993623918 3.10776911359 12.1475256338 6.0 3.6 10.878564019 9.86215290875 10.4335048067 3.70960149486 12.8424380405 12.0 5.32016595351 3.84 3.31807481199 4.06950075065 4.8 3.77022370242 18.0 9.31085841888 6.6662779628 10.984 4.28402812631 7.81088837919 0.922902129478 7.0 11.2 3.6 6.656 12.880663814 22.0 2.26497827481 12.0 2.88 6.74943837246 20.0 12.0 8.76614291723 22.8 3.05212556298 20.0 19.3227078555 3.05212556298 3.6 10.4678763098 7.0 22.4 2.7 10.0514995186 4.5 7.0 21.6 4.5 18.816 2.7 6.0 4.61820742805 2.36196782687 1.0 1.5 5.62814051799 1.0 8.35225654624 0.0 3.0 1.47070968616 0.0 
6.0 11.1913507964 2.814070259 11.9452306855 5.09357526195 11.587259027 0.0 12.0 6.0 2.88 8.70285121519 3.9448611635 8.3468038454 2.96768119589 6.0 4.8 4.25613276281 6.39007481199 10.0695007506 0.0 7.61022370242 9.0 6.0 14.1149646979 10.984 7.8944532389 8.99187229262 3.92290212948 14.0 15.7 3.85273141216 9.536 3.6 14.0 14.2649782748 3.6 12.48 10.6021697846 12.0 24.0 2.95864587262 14.8129143338 12.0 12.0 16.3227078555 12.0 6.04170045039 2.95864587262 14.0 11.0442576901 12.0 2.16 12.5411996149 14.0 11.1 12.0 7.416 14.7 1.0 7.61820742805 0.768 2.0 3.15130767138 0.741920298971 2.0 8.35225654624 0.96 4.0 1.47070968616 2.1757128038 
6.0 2.4 11.7671508961 12.9452306855 2.99172917452 4.07486020956 9.26980722161 6.0 4.8 7.68 8.70285121519 4.20834009008 3.1558889308 9.6451242722 12.0 4.76019565496 3.84 9.79498102224 16.0320836174 8.35225654624 0.0 6.0 9.6 0.0 22.2759717583 4.8 15.3074348837 0.0 21.0 2.5 12.0 3.08218512973 11.2288 21.0 1.17687063884 11.4119826199 2.88 20.5861697846 7.0 18.6 12.0 2.3669166981 11.850331467 7.0 10.9227078555 12.0 9.6 4.83336036031 7.0 22.2442576901 3.6 11.76 14.8242667256 21.0 13.8 2.28306711073 17.016 3.6 2.0 7.61820742805 1.61922655256 1.0 4.15130767138 2.41128106805 3.0 2.82299293958 0.96 5.0 3.78816149156 2.1757128038 
12.0 6.0 13.6871508961 0.5 5.17809227421 2.39338333962 3.25988816765 12.0 10.8 3.78816149156 14.8468512152 0.0 3.36667207206 2.52471114464 6.0 9.56019565496 7.61820742805 12.8669810222 3.69000852812 12.0 6.68180523699 12.0 5.96485334513 7.68 22.2759717583 7.17006629341 1.11704816002 12.0 13.0 14.5 2.89353728166 12.6821851297 3.6 13.0 13.1768706388 3.6 12.0095860959 8.47970706628 14.0 22.4835692057 0.0 9.6 1.89353335848 14.0 0.0 8.73816628439 19.2 4.83336036031 14.0 10.0251998566 12.0 14.64 0.0 13.0 12.0 11.04 3.84245368858 15.6 3.0 3.0 0.768 1.0 4.65130767138 3.04245885421 4.0 2.82299293958 2.63045130925 6.0 0.814972041912 3.7117128038 
18.0 4.29594141326 4.8 11.4497207169 6.14476434628 2.39338333962 6.25988816765 18.0 2.77353070904 8.64 17.8773804084 6.0 4.65130767138 5.21804880229 12.0 5.17181115371 7.64815652397 18.9615469647 0.0 2.9520068225 16.281805237 6.0 4.8 12.4518826761 9.27597175832 6.0 6.85310119475 0.0 7.0 10.4 11.6 2.31482982533 13.7457481038 20.0 3.6 10.5414965111 2.88 9.60766887671 21.0 7.48356920566 12.0 9.6 1.89353335848 21.0 4.5 0.0 11.1905330275 12.0 21.0 0.0 8.02015988529 9.6 11.712 20.0 3.6 9.6 8.832 3.67396295086 4.0 3.0 2.29164148561 2.0 2.73743017922 3.71579326862 1.0 4.82299293958 5.03045130925 1.0 3.81497204191 4.46934510211 
9.0 6.0 3.43675313061 3.84 4.57988828675 7.30919481664 6.25988816765 9.0 8.77353070904 3.81497204191 9.78938040843 6.0 4.8 8.9390949394 6.0 4.8 4.13744892297 10.0800721839 6.0 0.0 18.643410695 12.0 5.3424 3.84 9.96150614088 9.71038870333 1.1458207428 5.4824809558 14.0 4.5 8.32 11.5948298253 3.6 12.0 15.6 3.6 8.43319720886 11.9116688767 28.0 10.9184854207 4.5 19.2 6.39353335848 28.0 7.2827915275 4.5 11.1905330275 16.5 13.0 12.0 4.5 6.41612790824 7.68 12.0 12.0 2.88 16.512 4.5 5.0 4.37062023895 1.52963130479 3.0 3.69743017922 4.6460548029 2.0 7.3133694748 5.62085267375 2.0 0.0 6.19734510211 
15.0 5.18233377534 8.23675313061 5.34 10.5798882868 3.09867255105 12.107244021 6.0 3.6 10.8337966091 9.78938040843 10.4218036896 3.69743017922 12.7790949394 12.0 5.31896596507 3.84 3.30995913838 4.03202887354 4.8 3.64341069499 18.0 9.2784 6.65042633687 10.9615061409 4.2787066717 7.76831096266 0.916656594244 7.0 11.2 3.6 6.656 12.8758638603 19.0 2.24474428674 12.0 2.88 6.74655776709 20.0 12.0 8.73478833658 22.8 3.02402165516 20.0 19.2827915275 3.02402165516 3.6 10.452426422 7.0 22.4 2.7 10.0161279082 4.5 7.0 21.6 4.5 18.816 2.7 6.0 4.59978438751 2.35712108939 1.0 1.5 5.6060548029 1.0 8.3133694748 0.0 3.0 1.46183896333 0.0 
6.0 11.1823337753 2.80302740145 11.9294025045 5.0904852844 11.5625831805 0.0 12.0 6.0 2.88 8.66703728732 3.91575216337 8.33744295172 2.95794414338 6.0 4.8 4.25517277205 6.38195913838 10.0320288735 0.0 7.48341069499 9.0 6.0 14.0731463369 10.9615061409 7.88351100273 8.94687150736 3.91665659424 14.0 15.7 3.83372848182 9.536 3.6 11.0 14.2447442867 3.6 12.48 10.5802862489 12.0 24.0 2.93681412253 14.7878306693 12.0 12.0 16.2827915275 12.0 6.01921732412 2.93681412253 14.0 11.0321732063 12.0 2.16 12.5129023266 14.0 11.1 12.0 7.416 14.7 1.0 7.59978438751 0.768 2.0 3.14735062612 0.739486035844 2.0 8.3133694748 0.96 4.0 1.46183896333 2.16675932183 
6.0 2.4 11.7488944217 12.9294025045 2.98736282451 4.07238822752 9.25006654437 6.0 4.8 7.68 8.66703728732 4.20384346482 3.1326017307 9.62789850475 12.0 4.75614885735 3.84 9.78609735602 15.9895950074 8.3133694748 0.0 6.0 9.6 0.0 22.2200232104 4.8 15.2536803095 0.0 21.0 2.5 12.0 3.06698278546 11.2288 18.0 1.17499697827 11.3957954294 2.88 20.5642862489 7.0 18.6 12.0 2.34945129802 11.8302645354 7.0 10.8827915275 12.0 9.6 4.8153738593 7.0 22.2321732063 3.6 11.76 14.7579255351 21.0 13.8 2.2450232085 17.016 3.6 2.0 7.59978438751 1.61903455441 1.0 4.14735062612 2.40697462619 3.0 2.81462926737 0.96 5.0 3.77435559942 2.16675932183 
12.0 6.0 13.6688944217 0.5 5.17176100179 2.3898902596 3.25791058202 12.0 10.8 3.77435559942 14.8110372873 0.0 3.36307477186 2.50608138456 6.0 9.55614885735 7.59978438751 12.858097356 3.6360435725 12.0 6.65069557984 12.0 5.95158510702 7.68 22.2200232104 7.16605290708 1.06319758674 12.0 13.0 14.5 2.88836955143 12.6669827855 3.6 10.0 13.1749969783 3.6 11.9966363435 8.45265580033 14.0 22.4788207513 0.0 9.6 1.87956103842 14.0 0.0 8.706233222 19.2 4.8153738593 14.0 10.0071931696 12.0 14.64 0.0 13.0 12.0 11.04 3.8120185668 15.6 3.0 3.0 0.768 1.0 4.64735062612 3.03349497233 4.0 2.81462926737 2.62267389496 6.0 0.814477645504 3.70275932183 
18.0 4.29053116007 4.8 11.4351155374 6.13483577365 2.3898902596 6.25791058202 18.0 2.76384234728 8.64 17.8305217669 6.0 4.64735062612 5.19654120205 12.0 5.16839595275 7.64491908588 18.937924866 0.0 2.908834858 16.2506955798 6.0 4.8 12.4412680856 9.22002321038 6.0 6.79603991241 0.0 7.0 10.4 11.6 2.31069564114 13.7335862284 17.0 3.6 10.5399975826 2.88 9.59730907481 21.0 7.47882075135 12.0 9.6 1.87956103842 21.0 4.5 0.0 11.1649865776 12.0 21.0 0.0 8.00575453568 9.6 11.712 20.0 3.6 9.6 8.832 3.64961485344 4.0 3.0 2.2879568775 2.0 2.73377888434 3.7061099267 1.0 4.81462926737 5.02267389496 1.0 3.8144776455 4.45763044171 
9.0 6.0 3.43242492805 3.84 4.57404621495 7.29775887853 6.25791058202 9.0 8.76384234728 3.8144776455 9.74252176685 6.0 4.8 8.91442170294 6.0 4.8 4.1347167622 10.0538601347 6.0 0.0 18.5777634662 12.0 5.3424 3.84 9.95301446849 9.68800928415 1.14397843875 5.43683192993 14.0 4.5 8.32 11.5906956411 3.6 9.0 15.6 3.6 8.43199806609 11.9013090748 28.0 10.9093554126 4.5 19.2 6.37956103842 28.0 7.26600696311 4.5 11.1649865776 16.5 13.0 12.0 4.5 6.40460362854 7.68 12.0 12.0 2.88 16.512 4.5 5.0 4.35920798248 1.52898381718 3.0 3.69377888434 4.63558005192 2.0 7.3028828845 5.60444086656 2.0 0.0 6.18563044171 
15.0 5.18026181496 8.23242492805 5.34 10.574046215 3.09281522086 12.0961176848 6.0 3.6 10.8255515233 9.74252176685 10.414868398 3.69377888434 12.7544217029 12.0 5.31813912823 3.84 3.30777340976 4.02154405389 4.8 3.57776346624 18.0 9.2784 6.64222043328 10.9530144685 4.27591220768 7.75040742732 0.915182751001 7.0 11.2 3.6 6.656 12.8725565129 16.0 2.23104957898 12.0 2.88 6.74559845288 20.0 12.0 8.72748433005 22.8 3.01615804042 20.0 19.2660069631 3.01615804042 3.6 10.4319892621 7.0 22.4 2.7 10.0046036285 4.5 7.0 21.6 4.5 18.816 2.7 6.0 4.58800367023 2.35592716961 1.0 1.5 5.59558005192 1.0 8.3028828845 0.0 3.0 1.45955177571 0.0 
6.0 11.180261815 2.79779002596 11.9259399424 5.08639785242 11.5520521928 0.0 12.0 6.0 2.88 8.66044121866 3.89700870674 8.33189471843 2.95502310748 6.0 4.8 4.25451130258 6.37977340976 10.0215440539 0.0 7.41776346624 9.0 6.0 14.0649404333 10.9530144685 7.87914381577 8.92837101213 3.915182751 14.0 15.7 3.82632651088 9.536 3.6 8.0 14.231049579 3.6 12.48 10.5719249638 12.0 24.0 2.92275653006 14.781987464 12.0 12.0 16.2660069631 12.0 6.01292643234 2.92275653006 14.0 11.0288353055 12.0 2.16 12.5036829028 14.0 11.1 12.0 7.416 14.7 1.0 7.58800367023 0.768 2.0 3.14648498561 0.738755776869 2.0 8.3028828845 0.96 4.0 1.45955177571 2.16511030467 
6.0 2.4 11.7419994779 12.9259399424 2.98455130601 4.06911828193 9.24164175425 6.0 4.8 7.68 8.66044121866 4.20258528647 3.11760696539 9.62053888222 12.0 4.7534099158 3.84 9.78338245182 15.9779415467 8.3028828845 0.0 6.0 9.6 0.0 22.2049668151 4.8 15.2316860647 0.0 21.0 2.5 12.0 3.06106120871 11.2288 15.0 1.1745548253 11.3848396632 2.88 20.5559249638 7.0 18.6 12.0 2.33820522404 11.8255899712 7.0 10.8660069631 12.0 9.6 4.81034114587 7.0 22.2288353055 3.6 11.76 14.7290119427 21.0 13.8 2.22532903987 17.016 3.6 2.0 7.58800367023 1.61890226052 1.0 4.14648498561 2.40513472055 3.0 2.81298808666 0.96 5.0 3.76996221427 2.16511030467 
12.0 6.0 13.6619994779 0.5 5.17037597698 2.38764104481 3.25529462555 12.0 10.8 3.76996221427 14.8044412187 0.0 3.36206822917 2.49408557231 6.0 9.5534099158 7.58800367023 12.8553824518 3.61878398413 12.0 6.6423063076 12.0 5.94580238854 7.68 22.2049668151 7.16511799425 1.041137195 12.0 13.0 14.5 2.88616166466 12.6610612087 3.6 7.0 13.1745548253 3.6 11.9878717305 8.44208662842 14.0 22.4777819827 0.0 9.6 1.87056417924 14.0 0.0 8.69280557049 19.2 4.81034114587 14.0 10.0013278317 12.0 14.64 0.0 13.0 12.0 11.04 3.7962632319 15.6 3.0 3.0 0.768 1.0 4.64648498561 3.02865611363 4.0 2.81298808666 2.6205765769 6.0 0.813823656387 3.70111030467 
18.0 4.28841732568 4.8 11.4295995823 6.13244420615 2.38764104481 6.25529462555 18.0 2.75951821273 8.64 17.8204109901 6.0 4.64648498561 5.18374015565 12.0 5.1671232068 7.64272793264 18.925785388 0.0 2.89502718731 16.2423063076 6.0 4.8 12.4366419108 9.20496681511 6.0 6.7732315904 0.0 7.0 10.4 11.6 2.30892933173 13.728848967 14.0 3.6 10.5396438602 2.88 9.59029738444 21.0 7.47778198273 12.0 9.6 1.87056417924 21.0 4.5 0.0 11.1542444564 12.0 21.0 0.0 8.00106226538 9.6 11.712 20.0 3.6 9.6 8.832 3.63701058552 4.0 3.0 2.28560073405 2.0 2.73239989559 3.70106975947 1.0 4.81298808666 5.0205765769 1.0 3.81382365639 4.45510274752 
9.0 6.0 3.43073386055 3.84 4.57183983294 7.29359640973 6.25529462555 9.0 8.75951821273 3.81382365639 9.73241099008 6.0 4.8 8.90092814414 6.0 4.8 4.13369856544 10.0399677341 6.0 0.0 18.5583280574 12.0 5.3424 3.84 9.94931352867 9.68198672605 1.14280036702 5.41858527232 14.0 4.5 8.32 11.5889293317 3.6 7.0 14.8 3.6 8.43171508819 11.8942973844 28.0 10.9066618574 4.5 19.2 6.37056417924 28.0 7.26149004453 4.5 11.1542444564 16.5 13.0 12.0 4.5 6.40084981231 7.68 12.0 12.0 2.88 16.512 4.5 5.0 4.35464631808 1.52854558653 3.0 3.69239989559 4.63036675659 2.0 7.30031646882 5.59958201436 2.0 0.0 6.18310274752 
15.0 5.17885947689 8.23073386055 5.34 10.5718398329 3.09155137376 12.0901717533 6.0 3.6 10.8214382266 9.73241099008 10.4121812628 3.69239989559 12.7409281441 12.0 5.27778586635 3.84 3.30695885235 4.01598709365 4.8 3.55832805744 18.0 9.2784 6.63979100718 10.9493135287 4.27411283585 7.74558938084 0.914240293619 7.0 11.2 3.6 6.656 12.8711434654 14.0 1.6255755817 11.84 2.88 6.74537207055 20.0 12.0 8.72532948595 22.8 3.01199032024 20.0 19.2614900445 3.01199032024 3.6 10.4233955651 7.0 22.4 2.7 10.0008498123 4.5 7.0 21.6 4.5 18.816 2.7 6.0 4.58320639148 2.35528529962 1.0 1.5 5.59036675659 1.0 8.30031646882 0.0 3.0 1.45871928195 0.0 
6.0 11.1788594769 2.79518337829 11.9245870884 5.08467911302 11.5490232401 0.0 12.0 6.0 2.88 8.65715058125 3.89296439603 8.32974501021 2.95391991647 6.0 4.8 4.22222869308 6.37895885235 10.0159870936 0.0 7.39832805744 9.0 6.0 14.0625110072 10.9493135287 7.87651089989 8.92323203064 3.91424029362 14.0 15.7 3.82227844324 9.536 3.6 7.0 12.8255755817 3.6 12.352 10.5676505138 12.0 24.0 2.91972329702 14.7802635888 12.0 12.0 16.2614900445 12.0 6.00959225619 2.91972329702 14.0 11.027051526 12.0 2.16 12.5006798498 14.0 11.1 12.0 7.416 14.7 1.0 7.58320639148 0.768 2.0 3.14614677211 0.738479979117 2.0 8.30031646882 0.96 4.0 1.45871928195 2.16428764531 
6.0 2.4 11.7382709598 12.9245870884 2.9839446594 4.06774329042 9.23921859209 6.0 4.8 7.68 8.65715058125 4.20191845124 3.11437151682 9.61771592464 12.0 4.47231511634 3.84 9.75674180681 15.9720398114 8.30031646882 0.0 6.0 9.6 0.0 22.1993223344 4.8 15.2244407506 0.0 21.0 2.5 12.0 3.05782275459 11.2288 14.0 1.17427208809 10.2604604654 2.88 20.4492505138 7.0 18.6 12.0 2.33577863762 11.824210871 7.0 10.8614900445 12.0 9.6 4.80767380495 7.0 22.227051526 3.6 11.76 14.7201782671 21.0 13.8 2.21949841723 17.016 3.6 2.0 7.58320639148 1.61244573862 1.0 4.14614677211 2.40442898116 3.0 2.81250220144 0.96 5.0 3.76852392997 2.16428764531 
12.0 6.0 13.6582709598 0.5 5.16983483538 2.38715572752 3.25419463233 12.0 10.8 3.76852392997 14.8011505813 0.0 3.36153476099 2.49149721346 6.0 9.27231511634 7.58320639148 12.8287418068 3.61149354783 12.0 6.64025317506 12.0 5.94403565342 7.68 22.1993223344 7.1648421742 1.03066361987 12.0 13.0 14.5 2.88531477739 12.6578227546 3.6 7.0 12.3742720881 3.6 11.0883683723 8.33456529119 14.0 22.4773761265 0.0 9.6 1.86862291009 14.0 0.0 8.68919203563 19.2 4.80767380495 14.0 9.99881710363 12.0 14.64 0.0 13.0 12.0 11.04 3.79159873379 15.6 3.0 3.0 0.768 1.0 4.64614677211 3.02730328452 4.0 2.81250220144 2.62006329376 6.0 0.813548658084 3.70028764531 
18.0 4.26691305824 4.8 11.4266167678 6.13136959637 2.38715572752 6.25419463233 18.0 2.75808316748 8.64 17.8159697252 6.0 4.64614677211 5.18072502225 12.0 5.00641896854 7.41785209307 18.89530692 0.0 2.88919483826 16.2402531751 6.0 4.8 12.4352285227 9.19932233441 6.0 6.76253735923 0.0 7.0 10.4 11.6 2.30825182191 13.7262582037 14.0 3.6 9.89941767047 2.88 8.87069469783 21.0 7.47737612653 12.0 9.6 1.86862291009 21.0 4.5 0.0 11.1513536285 12.0 21.0 0.0 7.9990536829 9.6 11.712 20.0 3.6 9.6 8.832 3.63327898703 4.0 3.0 2.2846412783 2.0 2.73165419196 3.69961023672 1.0 4.81250220144 5.02006329376 1.0 3.81354865808 4.45399243131 
9.0 6.0 3.41353044659 3.84 4.57064670714 7.29225140462 6.25419463233 9.0 8.75808316748 3.81354865808 9.72796972523 6.0 4.8 8.89764243994 6.0 4.8 4.00513517483 9.82958859446 6.0 0.0 18.5516090457 12.0 5.3424 3.84 9.94818281819 9.67972893376 1.14232063915 5.41002988738 14.0 4.5 8.32 11.5882518219 3.6 7.0 14.8 3.6 7.91953413637 11.1746946978 28.0 10.9053611569 4.5 19.2 6.36862291009 28.0 7.25979670032 4.5 11.1513536285 16.5 13.0 12.0 4.5 6.39924294632 7.68 12.0 12.0 2.88 16.512 4.5 5.0 4.35250747185 1.48357041861 3.0 3.69165419196 4.62883959114 2.0 7.29954790598 5.59790226142 2.0 0.0 6.18199243131 
15.0 5.03493893957 8.21353044659 5.34 10.5706467071 3.09099621565 12.087995756 6.0 3.6 10.8200151921 9.72796972523 10.4113429571 3.69165419196 12.7376424399 12.0 5.27765036438 3.84 3.20410813986 3.93183543778 4.8 3.55160904567 18.0 9.2784 6.63895113071 10.9481828182 4.27372458202 7.74378314701 0.913856511319 7.0 11.2 3.6 6.656 12.8706014575 14.0 1.62300896621 11.84 2.88 6.3356273091 20.0 12.0 8.72428892551 22.8 2.94887657834 20.0 19.2597967003 2.94887657834 3.6 10.4210829028 7.0 22.4 2.7 9.99924294632 4.5 7.0 21.6 4.5 18.816 2.7 6.0 4.58097159968 2.28459745358 1.0 1.5 5.58883959114 1.0 8.29954790598 0.0 3.0 1.45845028092 0.0 
6.0 11.0349389396 2.79441979557 11.9108243573 5.08421658056 11.5475135814 0.0 12.0 6.0 2.88 8.65601215366 3.89118789009 8.32907436566 2.95332335357 6.0 4.8 4.22212029151 6.27610813986 9.93183543778 0.0 7.39160904567 9.0 6.0 14.0616711307 10.9481828182 7.86349989769 8.8860818738 3.91385651132 14.0 15.7 3.82129273198 9.536 3.6 7.0 12.8230089662 3.6 12.352 10.1569200411 12.0 24.0 2.91839091757 14.7794311404 12.0 12.0 16.2597967003 12.0 5.95910126267 2.91839091757 14.0 11.0263987268 12.0 2.16 12.4993943571 14.0 11.1 12.0 7.416 14.7 1.0 7.58097159968 0.768 2.0 3.14270608932 0.738330838392 2.0 8.29954790598 0.96 4.0 1.45845028092 2.16400303841 
6.0 2.4 11.6223709472 12.9108243573 2.98367818351 4.06737326445 9.23801086509 6.0 4.8 7.68 8.65601215366 4.19182025253 3.11295031207 9.6165828461 12.0 4.47180179324 3.84 9.65380437307 15.8877216659 8.29954790598 0.0 6.0 9.6 0.0 22.1975197228 4.8 15.176881792 0.0 21.0 2.5 12.0 3.05703418559 11.2288 14.0 1.1741569534 10.258407173 2.88 20.0385200411 7.0 18.6 12.0 2.33471273405 11.8235449123 7.0 10.8597967003 12.0 9.6 4.76728101014 7.0 22.2263987268 3.6 11.76 14.7168770708 21.0 13.8 2.2174827137 17.016 3.6 2.0 7.58097159968 1.6124240583 1.0 4.14270608932 2.40414571152 3.0 2.81233422614 0.96 5.0 3.7679529972 2.16400303841 
12.0 6.0 13.5423709472 0.5 5.16432974291 2.38694254681 3.25389861156 12.0 10.8 3.7679529972 14.8000121537 0.0 3.35345620203 2.49036024966 6.0 9.27180179324 7.58097159968 12.7258043731 3.52662355274 12.0 6.63963832479 12.0 5.94337541415 7.68 22.1975197228 7.16470898246 0.983093821101 12.0 13.0 14.5 2.88497485383 12.6570341856 3.6 7.0 12.3741569534 3.6 11.0867257384 7.92349489491 14.0 22.4732473072 0.0 9.6 1.86777018724 14.0 0.0 8.68783736026 19.2 4.76728101014 14.0 9.99780198634 12.0 14.64 0.0 13.0 12.0 11.04 3.78998617096 15.6 3.0 3.0 0.768 1.0 4.64270608932 3.02673577394 4.0 2.81233422614 2.6199095812 6.0 0.81347465289 3.70000303841 
18.0 4.18469897898 4.8 11.3338967578 6.11778594494 2.38694254681 6.25389861156 18.0 2.75755763146 8.64 17.8143745514 6.0 4.64270608932 5.17312521128 12.0 5.0062382278 7.41744143459 18.7905816528 0.0 2.82129884219 16.2396383248 6.0 4.8 12.4347003313 9.19751972275 6.0 6.71486100707 0.0 7.0 10.4 11.6 2.30797988306 13.7256273485 14.0 3.6 9.89932556272 2.88 8.8693805907 21.0 7.47324730718 12.0 9.6 1.86777018724 21.0 4.5 0.0 11.1502698882 12.0 21.0 0.0 7.99824158907 9.6 11.712 20.0 3.6 9.6 8.832 3.63198893677 4.0 3.0 2.28419431994 2.0 2.70847418944 3.69742701434 1.0 4.81233422614 5.0199095812 1.0 3.81347465289 4.45359363785 
9.0 6.0 3.34775918319 3.84 4.53355870311 7.28117130276 6.25389861156 9.0 8.75755763146 3.81347465289 9.72637455141 6.0 4.8 8.88729008273 6.0 4.8 4.00499058224 9.72453480048 6.0 0.0 18.4966773985 12.0 5.3424 3.84 9.94776026506 9.6790078891 1.14209715997 5.37188880566 14.0 4.5 8.32 11.5879798831 3.6 7.0 14.8 3.6 7.91946045017 11.1733805907 28.0 10.8734163345 4.5 19.2 6.36777018724 28.0 7.25925591683 4.5 11.1502698882 16.5 13.0 12.0 4.5 6.39859327125 7.68 12.0 12.0 2.88 16.512 4.5 5.0 4.34297220141 1.48348828692 3.0 3.66847418944 4.62596823221 2.0 7.29927429241 5.58416934963 2.0 0.0 6.18159363785 
15.0 5.03467611814 8.14775918319 5.34 10.5335587031 3.09079681893 12.0788356538 6.0 3.6 10.8195207581 9.72637455141 10.4047372445 3.66847418944 12.7272900827 12.0 5.27759597661 3.84 3.20399246579 3.88981392019 4.8 3.49667739854 18.0 9.2784 6.63208467482 10.9477602651 4.27355403745 7.74320631128 0.913677727974 7.0 11.2 3.6 6.656 12.8703839065 14.0 1.6115666417 11.84 2.88 6.33556836014 20.0 12.0 8.69873306761 22.8 2.91736044015 20.0 19.2592559168 2.91736044015 3.6 10.4202159106 7.0 22.4 2.7 9.99859327125 4.5 7.0 21.6 4.5 18.816 2.7 6.0 4.57139163341 2.28448640337 1.0 1.5 5.58596823221 1.0 8.29927429241 0.0 3.0 1.45623426055 0.0 
6.0 11.0346761181 2.7929841161 11.8582073465 5.08404318211 11.5176437814 0.0 12.0 6.0 2.88 8.65561660645 3.89054982056 8.32378979564 2.93477935156 6.0 4.8 4.22207678129 6.27599246579 9.88981392019 0.0 7.33667739854 9.0 6.0 14.0548046748 10.9477602651 7.85702612548 8.88544951296 3.91367772797 14.0 15.7 3.81818702482 9.536 3.6 7.0 12.8115666417 3.6 12.352 10.153755385 12.0 24.0 2.91791236542 14.7589864541 12.0 12.0 16.2592559168 12.0 5.93388835212 2.91791236542 14.0 11.0236506961 12.0 2.16 12.498874617 14.0 11.1 12.0 7.416 14.7 1.0 7.57139163341 0.768 2.0 3.12955183664 0.733694837889 2.0 8.29927429241 0.96 4.0 1.45623426055 2.16390415161 
6.0 2.4 11.6207250106 12.8582073465 2.98358247308 4.06723454569 9.21411502513 6.0 4.8 7.68 8.65561660645 4.18677767042 3.11243985645 9.59381118806 12.0 4.46951332834 3.84 9.65365389082 15.841611211 8.29927429241 0.0 6.0 9.6 0.0 22.1916040049 4.8 15.1710704133 0.0 21.0 2.5 12.0 3.05454961986 11.2288 14.0 1.17410331839 10.2492533134 2.88 20.035355385 7.0 18.6 12.0 2.33432989234 11.8071891633 7.0 10.8592559168 12.0 9.6 4.74711068169 7.0 22.2236506961 3.6 11.76 14.6998778366 21.0 13.8 2.20100321956 17.016 3.6 2.0 7.57139163341 1.61241535626 1.0 4.12955183664 2.39845279702 3.0 2.81096093496 0.96 5.0 3.75976301684 2.16390415161 
12.0 6.0 13.5407250106 0.5 5.14328293862 2.38686597847 3.25378763655 12.0 10.8 3.75976301684 14.7996166064 0.0 3.34942213634 2.48995188516 6.0 9.26951332834 7.57139163341 12.7256538908 3.48032837284 12.0 6.63941943392 12.0 5.93997556731 7.68 22.1916040049 7.16143783265 0.977278091475 12.0 13.0 14.5 2.87814335642 12.6545496199 3.6 7.0 12.3741033184 3.6 11.0794026507 7.91349874138 14.0 22.457462204 0.0 9.6 1.86746391387 14.0 0.0 8.68740473346 19.2 4.74711068169 14.0 9.98788520367 12.0 14.64 0.0 13.0 12.0 11.04 3.77680257565 15.6 3.0 3.0 0.768 1.0 4.62955183664 3.02094076831 4.0 2.81096093496 2.61985485848 6.0 0.813446909138 3.69990415161 
18.0 4.18269974828 4.8 11.3325800085 6.09270507496 2.38686597847 6.25378763655 18.0 2.75293755586 8.64 17.8074270199 6.0 4.62955183664 5.16948959423 12.0 5.00573058765 7.41561066267 18.7827671975 0.0 2.78426269828 16.2394194339 6.0 4.8 12.4319804539 9.19160400491 6.0 6.7064283576 0.0 7.0 10.4 11.6 2.30251468514 13.7236396959 14.0 3.6 9.89928265471 2.88 8.86352212055 21.0 7.45746220396 12.0 9.6 1.86746391387 21.0 4.5 0.0 11.1499237868 12.0 21.0 0.0 7.99030816294 9.6 11.712 20.0 3.6 9.6 8.832 3.62144206052 4.0 3.0 2.28227832668 2.0 2.70814500212 3.69082519557 1.0 4.81096093496 5.01985485848 1.0 3.81344690914 4.45185675498 
9.0 6.0 3.34615979862 3.84 4.5330320034 7.26103003843 6.25378763655 9.0 8.75293755586 3.81344690914 9.71942701991 6.0 4.8 8.87313106354 6.0 4.8 4.00458447012 9.71525572769 6.0 0.0 18.4668295925 12.0 5.3424 3.84 9.94558436308 9.67664160196 1.14113916334 5.36514268608 14.0 4.5 8.32 11.5825146851 3.6 7.0 14.8 3.6 7.91942612377 11.1675221205 28.0 10.8572362065 4.5 19.2 6.36746391387 28.0 7.25748120147 4.5 11.1499237868 16.5 13.0 12.0 4.5 6.39224653035 7.68 12.0 12.0 2.88 16.512 4.5 5.0 4.34128567152 1.48312213253 3.0 3.66814500212 4.6167355629 2.0 7.29735702573 5.57670739814 2.0 0.0 6.17985675498 
15.0 5.03350442411 8.14615979862 5.34 10.5330320034 3.08992837749 12.0626116673 6.0 3.6 10.8157969538 9.71942701991 10.4014319987 3.66814500212 12.7131310635 12.0 5.27650293703 3.84 3.2036675761 3.88610229107 4.8 3.46682959255 18.0 9.2784 6.62835369907 10.9455843631 4.27349278277 7.74131328157 0.912911330673 7.0 11.2 3.6 6.656 12.8660117481 14.0 1.60954280582 11.84 2.88 6.33554089902 20.0 12.0 8.68578896521 22.8 2.91457671831 20.0 19.2574812015 2.91457671831 3.6 10.4199390294 7.0 22.4 2.7 9.99224653035 4.5 7.0 21.6 4.5 18.816 2.7 6.0 4.56951350419 2.28403902656 1.0 1.5 5.5767355629 1.0 8.29735702573 0.0 3.0 1.45220600769 0.0 
6.0 11.0335044241 2.78836778145 11.8569278389 5.08398780588 11.5163539802 0.0 12.0 6.0 2.88 8.65263756306 3.88777080797 8.32114559892 2.9345160017 6.0 4.8 4.22120234962 6.2756675761 9.88610229107 0.0 7.30682959255 9.0 6.0 14.0510736991 10.9455843631 7.85640812644 8.88333279485 3.91291133067 14.0 15.7 3.81393931906 9.536 3.6 7.0 12.8095428058 3.6 12.352 10.1494802181 12.0 24.0 2.91582810597 14.7486311722 12.0 12.0 16.2574812015 12.0 5.93166137464 2.91582810597 14.0 11.0187835002 12.0 2.16 12.4937972243 14.0 11.1 12.0 7.416 14.7 1.0 7.56951350419 0.768 2.0 3.12923195972 0.733629000425 2.0 8.29735702573 0.96 4.0 1.45220600769 2.16315939077 
6.0 2.4 11.6151713207 12.8569278389 2.98316562119 4.06719024471 9.21308318417 6.0 4.8 7.68 8.65263756306 4.18633227493 3.11021664637 9.59143248084 12.0 4.46910856116 3.84 9.65262945579 15.8358285255 8.29735702573 0.0 6.0 9.6 0.0 22.1864433223 4.8 15.168459296 0.0 21.0 2.5 12.0 3.05115145525 11.2288 14.0 1.1738733992 10.2476342447 2.88 20.0310802181 7.0 18.6 12.0 2.33266248478 11.7989049377 7.0 10.8574812015 12.0 9.6 4.74532909972 7.0 22.2187835002 3.6 11.76 14.685846102 21.0 13.8 2.19204887776 17.016 3.6 2.0 7.56951350419 1.61224046992 1.0 4.12923195972 2.39785812021 3.0 2.81021473981 0.96 5.0 3.75547680373 2.16315939077 
12.0 6.0 13.5351713207 0.5 5.14277113556 2.38653249696 3.25375219577 12.0 10.8 3.75547680373 14.7966375631 0.0 3.34906581994 2.4881733171 6.0 9.26910856116 7.56951350419 12.7246294558 3.47385726276 12.0 6.63788562059 12.0 5.93716922041 7.68 22.1864433223 7.15978098755 0.974579530961 12.0 13.0 14.5 2.87742974425 12.6511514553 3.6 7.0 12.3738733992 3.6 11.0781073957 7.90850996233 14.0 22.4570783517 0.0 9.6 1.86612998782 14.0 0.0 8.68598496118 19.2 4.74532909972 14.0 9.98270845544 12.0 14.64 0.0 13.0 12.0 11.04 3.76963910221 15.6 3.0 3.0 0.768 1.0 4.62923195972 3.01990144948 4.0 2.81021473981 2.61947140515 6.0 0.813438048941 3.69915939077 
18.0 4.18170199247 4.8 11.3281370566 6.0918369555 2.38653249696 6.25375219577 18.0 2.75046951153 8.64 17.801019006 6.0 4.62923195972 5.16742597305 12.0 5.00500497089 7.41528684893 18.7802402591 0.0 2.77908581021 16.2378856206 6.0 4.8 12.4297353763 9.18644332233 6.0 6.702404321 0.0 7.0 10.4 11.6 2.3019437954 13.7209211642 14.0 3.6 9.89909871936 2.88 8.86248591658 21.0 7.45707835167 12.0 9.6 1.86612998782 21.0 4.5 0.0 11.1487879689 12.0 21.0 0.0 7.98616676435 9.6 11.712 20.0 3.6 9.6 8.832 3.61571128177 4.0 3.0 2.28190270084 2.0 2.70703426415 3.68971461347 1.0 4.81021473981 5.01947140515 1.0 3.81343804894 4.45025475151 
9.0 6.0 3.34536159397 3.84 4.53125482264 7.26000206136 6.25375219577 9.0 8.75046951153 3.81343804894 9.71301900605 6.0 4.8 8.87081154083 6.0 4.8 4.00400397671 9.71246973829 6.0 0.0 18.4611542688 12.0 5.3424 3.84 9.94378830106 9.67457732893 1.14095135042 5.3619234568 14.0 4.5 8.32 11.5819437954 3.6 7.0 14.8 3.6 7.91927897549 11.1664859166 28.0 10.8555194686 4.5 19.2 6.36612998782 28.0 7.2559329967 4.5 11.1487879689 16.5 13.0 12.0 4.5 6.38893341148 7.68 12.0 12.0 2.88 16.512 4.5 5.0 4.3404808642 1.48305736979 3.0 3.66703426415 4.61556100542 2.0 7.29616181508 5.57528856719 2.0 0.0 6.17825475151 
15.0 5.03329718332 8.14536159397 5.34 10.5312548226 3.08912737576 12.0617538449 6.0 3.6 10.8138136582 9.71301900605 10.4008614875 3.66703426415 12.7108115408 12.0 5.27638875908 3.84 3.20320318137 3.88498789532 4.8 3.46115426875 18.0 9.2784 6.62764428359 10.9437883011 4.27322599756 7.73966186315 0.912761080335 7.0 11.2 3.6 6.656 12.8655550363 14.0 1.60857703704 11.84 2.88 6.33542318039 20.0 12.0 8.68441557492 22.8 2.91374092149 20.0 19.2559329967 2.91374092149 3.6 10.4190303752 7.0 22.4 2.7 9.98893341148 4.5 7.0 21.6 4.5 18.816 2.7 6.0 4.56867113428 2.28385816513 1.0 1.5 5.57556100542 1.0 8.29616181508 0.0 3.0 1.45200041227 0.0 
6.0 11.0332971833 2.78778050271 11.8562892752 5.08380607503 11.5141312339 0.0 12.0 6.0 2.88 8.65105092653 3.88520760242 8.32068919001 2.93362741132 6.0 4.8 4.22111100726 6.27520318137 9.88498789532 0.0 7.30115426875 9.0 6.0 14.0503642836 10.9437883011 7.85597418186 8.88159094571 3.91276108034 14.0 15.7 3.81324346225 9.536 3.6 7.0 12.808577037 3.6 12.352 10.1486666426 12.0 24.0 2.91390570181 14.7475324599 12.0 12.0 16.2559329967 12.0 5.93099273719 2.91390570181 14.0 11.0185261535 12.0 2.16 12.4911467292 14.0 11.1 12.0 7.416 14.7 1.0 7.56867113428 0.768 2.0 3.12907231879 0.73340685283 2.0 8.29616181508 0.96 4.0 1.45200041227 2.16276273163 
6.0 2.4 11.6144182494 12.8562892752 2.98278114036 4.06704486002 9.21130498709 6.0 4.8 7.68 8.65105092653 4.18619854744 3.10816608193 9.59017876333 12.0 4.46891540741 3.84 9.65209198718 15.8344943873 8.29616181508 0.0 6.0 9.6 0.0 22.1840797279 4.8 15.1663702912 0.0 21.0 2.5 12.0 3.0505947698 11.2288 14.0 1.1738283241 10.2468616296 2.88 20.0302666426 7.0 18.6 12.0 2.33112456145 11.7980259679 7.0 10.8559329967 12.0 9.6 4.74479418975 7.0 22.2185261535 3.6 11.76 14.6814930098 21.0 13.8 2.19034628063 17.016 3.6 2.0 7.56867113428 1.61222220145 1.0 4.12907231879 2.39754469083 3.0 2.81007285672 0.96 5.0 3.75482665904 2.16276273163 
12.0 6.0 13.5344182494 0.5 5.14251571007 2.38622491229 3.25363588802 12.0 10.8 3.75482665904 14.7950509265 0.0 3.34895883795 2.48653286555 6.0 9.26891540741 7.56867113428 12.7240919872 3.47190589893 12.0 6.63692945206 12.0 5.93629860196 7.68 22.1840797279 7.15960519359 0.972481391928 12.0 13.0 14.5 2.877053629 12.6505947698 3.6 7.0 12.3738283241 3.6 11.0774893037 7.90732027164 14.0 22.4568867826 0.0 9.6 1.86489964916 14.0 0.0 8.68474639736 19.2 4.74479418975 14.0 9.98191764958 12.0 14.64 0.0 13.0 12.0 11.04 3.7682770245 15.6 3.0 3.0 0.768 1.0 4.62907231879 3.01917790722 4.0 2.81007285672 2.61923236302 6.0 0.813408972005 3.69876273163 
18.0 4.18146405433 4.8 11.3275345995 6.09147454802 2.38622491229 6.25363588802 18.0 2.75003893482 8.64 17.7989122538 6.0 4.62907231879 5.16569993591 12.0 5.00488461878 7.41513232593 18.7790288946 0.0 2.77752471915 16.2369294521 6.0 4.8 12.4290388816 9.18407972794 6.0 6.7001655468 0.0 7.0 10.4 11.6 2.3016429032 13.7204758158 14.0 3.6 9.89906265928 2.88 8.86199144296 21.0 7.45688678255 12.0 9.6 1.86489964916 21.0 4.5 0.0 11.1477971179 12.0 21.0 0.0 7.98553411967 9.6 11.712 20.0 3.6 9.6 8.832 3.6146216196 4.0 3.0 2.28173422686 2.0 2.70688364987 3.68896967481 1.0 4.81007285672 5.01923236302 1.0 3.813408972 4.44972806344 
9.0 6.0 3.34517124346 3.84 4.5310138398 7.25940455071 6.25363588802 9.0 8.75003893482 3.813408972 9.71091225377 6.0 4.8 8.86895779094 6.0 4.8 4.00390769502 9.71113475535 6.0 0.0 18.4589492274 12.0 5.3424 3.84 9.94323110526 9.67363189117 1.14086711343 5.36013243744 14.0 4.5 8.32 11.5816429032 3.6 7.0 14.8 3.6 7.91925012742 11.165991443 28.0 10.8551471624 4.5 19.2 6.36489964916 28.0 7.25522391838 4.5 11.1477971179 16.5 13.0 12.0 4.5 6.38842729573 7.68 12.0 12.0 2.88 16.512 4.5 5.0 4.34003310936 1.48302646519 3.0 3.66688364987 4.61478413857 2.0 7.29588063303 5.57473730685 2.0 0.0 6.17772806344 
15.0 5.03319828859 8.14517124346 5.34 10.5310138398 3.08886403172 12.0611595286 6.0 3.6 10.8134401199 9.71091225377 10.4005888561 3.66688364987 12.7089577909 12.0 5.27632858064 3.84 3.20312615602 3.88445390214 4.8 3.45894922738 18.0 9.2784 6.62736865342 10.9432311053 4.27297992983 7.73890551294 0.912693690743 7.0 11.2 3.6 6.656 12.8653143226 14.0 1.60803973123 11.84 2.88 6.33540010194 20.0 12.0 8.68411772992 22.8 2.9133404266 20.0 19.2552239184 2.9133404266 3.6 10.4182376943 7.0 22.4 2.7 9.98842729573 4.5 7.0 21.6 4.5 18.816 2.7 6.0 4.56820653205 2.28380800419 1.0 1.5 5.57478413857 1.0 8.29588063303 0.0 3.0 1.45188091014 0.0 
6.0 11.0331982886 2.78739206928 11.8561369948 5.08364753886 11.5136751036 0.0 12.0 6.0 2.88 8.65075209589 3.88436490151 8.32047108485 2.9335069199 6.0 4.8 4.22106286451 6.27512615602 9.88445390214 0.0 7.29894922738 9.0 6.0 14.0500886534 10.9432311053 7.85564801515 8.88080951503 3.91269369074 14.0 15.7 3.81268733728 9.536 3.6 7.0 12.8080397312 3.6 12.352 10.1480874392 12.0 24.0 2.91327367613 14.7472941839 12.0 12.0 16.2552239184 12.0 5.93067234128 2.91327367613 14.0 11.0183478586 12.0 2.16 12.4907418366 14.0 11.1 12.0 7.416 14.7 1.0 7.56820653205 0.768 2.0 3.12903424869 0.733376729974 2.0 8.29588063303 0.96 4.0 1.45188091014 2.16268802397 
6.0 2.4 11.6139507002 12.8561369948 2.98265473523 4.06691803109 9.21094008285 6.0 4.8 7.68 8.65075209589 4.18613446826 3.10749192121 9.58988378777 12.0 4.46880794625 3.84 9.65197644763 15.8339127389 8.29588063303 0.0 6.0 9.6 0.0 22.183302028 4.8 15.1653279272 0.0 21.0 2.5 12.0 3.05014986983 11.2288 14.0 1.17380810722 10.246431785 2.88 20.0296874392 7.0 18.6 12.0 2.3306189409 11.7978353471 7.0 10.8552239184 12.0 9.6 4.74453787303 7.0 22.2183478586 3.6 11.76 14.6804266048 21.0 13.8 2.18968476821 17.016 3.6 2.0 7.56820653205 1.6122125729 1.0 4.12903424869 2.39747094694 3.0 2.81001773068 0.96 5.0 3.75461593085 2.16268802397 
12.0 6.0 13.5339507002 0.5 5.14245479791 2.38612378818 3.25353442487 12.0 10.8 3.75461593085 14.7947520959 0.0 3.34890757461 2.48599353696 6.0 9.26880794625 7.56820653205 12.7239764476 3.47108131078 12.0 6.63670450643 12.0 5.93608532096 7.68 22.183302028 7.15956706943 0.971434213608 12.0 13.0 14.5 2.87696513633 12.6501498698 3.6 7.0 12.3738081072 3.6 11.077145428 7.90665257556 14.0 22.4568410984 0.0 9.6 1.86449515272 14.0 0.0 8.6841791347 19.2 4.74453787303 14.0 9.98162988343 12.0 14.64 0.0 13.0 12.0 11.04 3.76774781457 15.6 3.0 3.0 0.768 1.0 4.62903424869 3.01896933118 4.0 2.81001773068 2.61917612661 6.0 0.813383606218 3.69868802397 
18.0 4.18133051511 4.8 11.3271605601 6.09136237251 2.38612378818 6.25353442487 18.0 2.7498755396 8.64 17.7984448406 6.0 4.62903424869 5.16511959665 12.0 5.00479159541 7.415046357 18.7785416733 0.0 2.77686504863 16.2367045064 6.0 4.8 12.4288682568 9.18330202799 6.0 6.69908786915 0.0 7.0 10.4 11.6 2.30157210907 13.7201198959 14.0 3.6 9.89904648578 2.88 8.86171634239 21.0 7.45684109843 12.0 9.6 1.86449515272 21.0 4.5 0.0 11.1473433078 12.0 21.0 0.0 7.98530390674 9.6 11.712 20.0 3.6 9.6 8.832 3.61419825166 4.0 3.0 2.28164130641 2.0 2.70679014003 3.68875084611 1.0 4.81001773068 5.01917612661 1.0 3.81338360622 4.44961121014 
9.0 6.0 3.34506441209 3.84 4.53086422405 7.25921368619 6.25353442487 9.0 8.7498755396 3.81338360622 9.71044484057 6.0 4.8 8.8683469956 6.0 4.8 4.00383327633 9.71057875886 6.0 0.0 18.4581965453 12.0 5.3424 3.84 9.94309460541 9.6733208112 1.1408206532 5.35927029532 14.0 4.5 8.32 11.5815721091 3.6 7.0 14.8 3.6 7.91923718862 11.1657163424 28.0 10.8549892665 4.5 19.2 6.36449515272 28.0 7.2549906084 4.5 11.1473433078 16.5 13.0 12.0 4.5 6.38824312539 7.68 12.0 12.0 2.88 16.512 4.5 5.0 4.33981757383 1.4830092714 3.0 3.66679014003 4.61455769584 2.0 7.29579138204 5.57454913633 2.0 0.0 6.17761121014 
15.0 5.03314326848 8.14506441209 5.34 10.5308642241 3.08880560507 12.0609053738 6.0 3.6 10.8132840379 9.71044484057 10.4004665148 3.66679014003 12.7083469956 12.0 5.27631442181 3.84 3.20306662106 3.88423150355 4.8 3.45819654533 18.0 9.2784 6.62727456817 10.9430946054 4.27289903054 7.73865664896 0.912656522564 7.0 11.2 3.6 6.656 12.8652576873 14.0 1.6077810886 11.84 2.88 6.3353897509 20.0 12.0 8.68399141318 22.8 2.91317362766 20.0 19.2549906084 2.91317362766 3.6 10.4178746462 7.0 22.4 2.7 9.98824312539 4.5 7.0 21.6 4.5 18.816 2.7 6.0 4.56798170447 2.28377592666 1.0 1.5 5.57455769584 1.0 8.29579138204 0.0 3.0 1.45184273724 0.0 
6.0 11.0331432685 2.78727884792 11.8560515297 5.08357492924 11.5134969843 0.0 12.0 6.0 2.88 8.65062723032 3.88417793623 8.32037321188 2.93343211203 6.0 4.8 4.22105153745 6.27506662106 9.88423150355 0.0 7.29819654533 9.0 6.0 14.0499945682 10.9430946054 7.85553375608 8.88054461229 3.91265652256 14.0 15.7 3.81250409868 9.536 3.6 7.0 12.8077810886 3.6 12.352 10.1478938496 12.0 24.0 2.91313345217 14.7471931305 12.0 12.0 16.2549906084 12.0 5.93053890213 2.91313345217 14.0 11.0182716121 12.0 2.16 12.4905945003 14.0 11.1 12.0 7.416 14.7 1.0 7.56798170447 0.768 2.0 3.12901288242 0.733358028006 2.0 8.29579138204 0.96 4.0 1.45184273724 2.16265680758 
6.0 2.4 11.6137934627 12.8560515297 2.98262669043 4.06685994339 9.21079758745 6.0 4.8 7.68 8.65062723032 4.18610778043 3.10734234898 9.58973068153 12.0 4.46875621772 3.84 9.65190785102 15.8336701297 8.29579138204 0.0 6.0 9.6 0.0 22.1830902599 4.8 15.1649716172 0.0 21.0 2.5 12.0 3.05000327894 11.2288 14.0 1.17379695677 10.2462248709 2.88 20.0294938496 7.0 18.6 12.0 2.33050676174 11.7977545044 7.0 10.8549906084 12.0 9.6 4.7444311217 7.0 22.2182716121 3.6 11.76 14.6800534639 21.0 13.8 2.1894589636 17.016 3.6 2.0 7.56798170447 1.61221030749 1.0 4.12901288242 2.39743267038 3.0 2.80999891363 0.96 5.0 3.7545421341 2.16265680758 
12.0 6.0 13.5337934627 0.5 5.14242061187 2.38610135235 3.25348795472 12.0 10.8 3.7545421341 14.7946272303 0.0 3.34888622434 2.48587387919 6.0 9.26875621772 7.56798170447 12.723907851 3.47076960368 12.0 6.63663310563 12.0 5.93601069278 7.68 22.1830902599 7.15955090089 0.971076770897 12.0 13.0 14.5 2.87691920446 12.6500032789 3.6 7.0 12.3737969568 3.6 11.0769798967 7.90641305404 14.0 22.4568154589 0.0 9.6 1.86440540939 14.0 0.0 8.68399248672 19.2 4.7444311217 14.0 9.98151088838 12.0 14.64 0.0 13.0 12.0 11.04 3.76756717088 15.6 3.0 3.0 0.768 1.0 4.62901288242 3.01890114018 4.0 2.80999891363 2.61915827641 6.0 0.813371988679 3.69865680758 
18.0 4.18128261081 4.8 11.3270347702 6.09130683621 2.38610135235 6.25348795472 18.0 2.74981561185 8.64 17.7982609376 6.0 4.62901288242 5.16498285866 12.0 5.00476004714 7.41500497418 18.7782932146 0.0 2.77661568294 16.2366331056 6.0 4.8 12.4288085542 9.18309025995 6.0 6.69871749161 0.0 7.0 10.4 11.6 2.30153536357 13.7200026232 14.0 3.6 9.89903756542 2.88 8.86158391736 21.0 7.4568154589 12.0 9.6 1.86440540939 21.0 4.5 0.0 11.1471939894 12.0 21.0 0.0 7.98520871071 9.6 11.712 20.0 3.6 9.6 8.832 3.6140537367 4.0 3.0 2.28159634089 2.0 2.70675869254 3.68867838505 1.0 4.80999891363 5.01915827641 1.0 3.81337198868 4.4495652344 
9.0 6.0 3.34502608865 3.84 4.53081390807 7.25914682131 6.25348795472 9.0 8.74981561185 3.81337198868 9.7102609376 6.0 4.8 8.86819316459 6.0 4.8 4.00380803771 9.71029719394 6.0 0.0 18.457925652 12.0 5.3424 3.84 9.94304684338 9.67323610398 1.14079817045 5.35897399328 14.0 4.5 8.32 11.5815353636 3.6 7.0 14.8 3.6 7.91923005233 11.1655839174 28.0 10.85492589 4.5 19.2 6.36440540939 28.0 7.25492707798 4.5 11.1471939894 16.5 13.0 12.0 4.5 6.38816696856 7.68 12.0 12.0 2.88 16.512 4.5 5.0 4.33974349832 1.48300099484 3.0 3.66675869254 4.61448096153 2.0 7.29576062448 5.574481413 2.0 0.0 6.1775652344 
15.0 5.03311678347 8.14502608865 5.34 10.5308139081 3.0887826172 12.0608054118 6.0 3.6 10.8132244782 9.7102609376 10.4004239759 3.66675869254 12.7081931646 12.0 5.27630707271 3.84 3.20304643017 3.88411887758 4.8 3.45792565199 18.0 9.2784 6.6272407065 10.9430468434 4.27288108188 7.73858888318 0.912638536358 7.0 11.2 3.6 6.656 12.8652282909 14.0 1.60769219799 11.84 2.88 6.33538404187 20.0 12.0 8.68394071196 22.8 2.91308915818 20.0 19.254927078 2.91308915818 3.6 10.4177551915 7.0 22.4 2.7 9.98816696856 4.5 7.0 21.6 4.5 18.816 2.7 6.0 4.56790313241 2.28376260238 1.0 1.5 5.57448096153 1.0 8.29576062448 0.0 3.0 1.45182936426 0.0 
6.0 11.0331167835 2.78724048076 11.8560208709 5.0835510383 11.5134337437 0.0 12.0 6.0 2.88 8.65057958253 3.88410437504 8.32033918069 2.93340695403 6.0 4.8 4.22104565817 6.27504643017 9.88411887758 0.0 7.29792565199 9.0 6.0 14.0499607065 10.9430468434 7.85549891351 8.88047018437 3.91263853636 14.0 15.7 3.81245794938 9.536 3.6 7.0 12.807692198 3.6 12.352 10.1478419912 12.0 24.0 2.91307828128 14.7471525696 12.0 12.0 16.254927078 12.0 5.93047132655 2.91307828128 14.0 11.0182416235 12.0 2.16 12.4905335749 14.0 11.1 12.0 7.416 14.7 1.0 7.56790313241 0.768 2.0 3.12900521773 0.733351738508 2.0 8.29576062448 0.96 4.0 1.45182936426 2.16264489563 
6.0 2.4 11.6137339075 12.8560208709 2.98261565626 4.06684083064 9.21074699492 6.0 4.8 7.68 8.65057958253 4.18609426531 3.10728350003 9.58967829859 12.0 4.4687384396 3.84 9.65188295671 15.8335493915 8.29576062448 0.0 6.0 9.6 0.0 22.1830154086 4.8 15.1648693152 0.0 21.0 2.5 12.0 3.0499663595 11.2288 14.0 1.17379156091 10.2461537584 2.88 20.0294419912 7.0 18.6 12.0 2.33046262502 11.7977220557 7.0 10.854927078 12.0 9.6 4.74437706124 7.0 22.2182416235 3.6 11.76 14.6799112704 21.0 13.8 2.1893776956 17.016 3.6 2.0 7.56790313241 1.61220913163 1.0 4.12900521773 2.39741957465 3.0 2.8099921413 0.96 5.0 3.75451611299 2.16264489563 
];